enemy_data=[[25,8,4,0,0,8,0,0
26,40,3,0,0,15,0,1
31,13,5,1,40,7,0,-1
32,13,5,1,40,7,0,-1
33,20,6,0,21,10,0,0
34,3,4,0,0,5,0,0
36,90,7,0,0,100,1,1
39,50,2,1,0,30,0,0
53,2700,8,3,0,0,1,4
54,800,9,2,0,0,1,2
55,800,9,2,0,0,1,2
56,800,10,4,0,0,1,3
-15,34,4,5,0,50,0,1
81,40,3,0,0,22,0,1]]

coin_amounts=split"3,3,0,0,0,1,10,0,15,0,0,10,0,3"

boss_a=[[9,64,-64,2|10,-29,17,2|11,29,17,2
-1,1,64,30|delete
-1,1,64,30|delete,12,23
100,1,53,30,73,30|delete,14,15
100,.7,64,50,40,40,88,40|delete,19
120,1,30,20,88,20|delete
-1,1,64,30|delete -- big scary circle spawner this
-1,1,64,30|delete,12,23,24
120,1,30,20,88,20|delete,9
-1,1,64,30|delete,27]]

-- [[200,1,30,30,98,30|delete,7,8,9]]

boss_b=[[12,64,-64,3|none
-1,1,64,35|delete,6,7,8
-1,1,64,50|keep,9
-1,1,64,35|delete,7,8,9,10]]