editor_path_library=[[80,1,13,0.75|20,23,69|init,0.75,10,tspd,-0.5,-0.8,wait,150,1,tspd,5,0.25,tdir,0.2,-0.2
80,1,13,0.75|20,108,69|init,0.25,10,tspd,-0.5,-0.8,wait,150,1,tspd,5,0.25,tdir,0.2,0.2
70,1,22,-1,190,1,22,-1|30,63,-16|init,0.02,5,wait,45,0,tspd,-0.2,-0.5,wait,180,1,tspd,-5,-0.5
70,1,22,-1,190,1,22,-1|30,63,-16|init,0.98,5,wait,45,0,tspd,-0.2,-0.5,wait,180,1,tspd,-5,-0.5
80,0.5,1,-1,180,0.15,1,-1,187,0.15,1,-1|20,78,-16|init,0.1,7,wait,30,0.2,tdir,0.75,-0.5,wait,20,0,tspd,0.2,-0.8,wait,150,1,tspd,8,1,tdir,0.4,-0.45
60,0.5,1,-1,130,0.25,1,-1|20,58,9|init,1,5,tspd,-0.5,-0.3,wait,100,1,tspd,-5,-0.5
|140,63,-31|init,1,1.25
|140,63,-31|init,1,1.5
60,0.35,29,-1,150,0.15,28,-1,155,0,28,-1,160,0,28,-1|30,-37,34|init,0.77,5,wait,15,1,tspd,2,-0.2,wait,110,1,tspd,5,0.2
60,0.35,29,-1,150,0.15,28,-1,155,0,28,-1,160,0,28,-1|30,158,34|init,0.2,5,wait,15,1,tspd,2,-0.2,wait,110,1,tspd,5,0.2
80,1,31,0.75|20,23,69|init,0.75,10,tspd,-0.5,-0.8,wait,150,1,tspd,5,0.25,tdir,0.2,-0.2
70,1,21,0.75,150,1,21,0.75,210,1,21,0.75|30,63,-36|init,1,5,wait,30,1,tspd,1.5,-0.5,wait,160,1
80,0.1,34,-1,160,0.1,34,-1,240,0.1,34,-1|120,148,29|init,0.23,2
|45,63,-36|init,1,3,wait,45,-0.2,tspd,0.6,-0.1
60,0.7,57,-1,220,0.25,57,-1,280,0,47,-1|40,93,-36|init,1,5,wait,30,1,tdir,0.25,0.15,tspd,1,-0.8,wait,140,1,tspd,1.5,0.75,tdir,1,-0.2
30,0.25,58,-1,40,1,58,-1,70,0,58,-1,80,1,58,-1|40,103,-1|init,0.25,5,wait,15,1,tdir,0.05,-0.2,tspd,2,-0.2,wait,90,1,tdir,0.9,-0.1
80,0,49,-1,180,0,49,-1,280,0,49,-1|40,48,-16|init,0.75,4,tspd,1,-0.3,wait,80,1,tdir,1,0.2
80,0,49,-1,180,0,49,-1,280,0,49,-1|40,83,-16|init,0.25,4,tspd,1,-0.3,wait,80,1,tdir,1,-0.2
85,1,46,-1,90,1,46,-1,130,0.25,46,-1,135,0.25,46,-1,200,0,46,-1,205,0,46,-1,210,0,46,-1,215,0,46,-1|15,63,-16|init,1,5,wait,30,1,tspd,-0.2,-0.5,wait,180,1,tspd,-5,-0.5
80,0.25,56,-1,180,0.25,56,-1|30,-32,24|init,0.75,3,wait,60,1,tdir,0.85,0.1,tspd,1.4,-0.05,wait,120,1,tdir,0.75,-0.1,tspd,3,0.5
60,1,57,-1,190,0,57,-1|40,63,-36|init,1,5,wait,30,23,tspd,1,-0.75
60,0,21,0.75,150,1,21,0.75,300,0,21,-1|15,63,-16|init,1,8,tspd,-0.2,-0.5,wait,320,1,tspd,-8,-0.75]]
